0
75
18
68
0
62
2
17
36
43
43
46
36
0
19
36
16
61
20
70
31
38
5
45
3
11
50
4
15
8
40
35
18
42
0
24
60
50
12
17
34
24
7
33
0
42
6
53
5
18
17
40
19
31
42
34
76
67
56
53
25
0
30
30
18
21
12
39
31
25
19
51
7
34
0
24
67
74
49
38
33
5
23
30
6
14
3
57
40
27
47
26
41
30
21
62
26
23
41
9
46
45
4
48
63
43
7
3
0
23
66
47
60
41
58
3
34
0
10
29
12
46
54
21
49
19
62
34
19
52
0
58
57
8
28
53
25
0
44
22
59
43
6
17
40
44
40
55
37
45
41
39
47
61
5
40
32
44
17
44
47
53
22
9
71
58
47
15
65
12
0
18
38
36
8
14
31
46
64
31
51
53
30
53
54
58
47
40
41
14
22
50
33
33
43
62
64
35
39
54
58
36
39
17
49
59
51
57
59
0
27
68
44
45
44
51
38
42
4
43
21
64
52
55
56
50
53
56
57
44
31
41
45
0
27
3
41
47
4
33
61
4
27
56
0
41
12
29
75
78
74
33
42
23
42
57
4
54
48
50
57
52
51
65
39
0
49
57
32
16
52
7
47
54
21
27
62
66
0
20
22
53
42
51
37
28
30
22
44
45
29
29
16
15
47
35
20
54
28
41
68
51
0
37
0
5
14
50
45
38
62
48
34
58
28
2
22
60
37
39
43
35
57
54
39
43
37
9
52
10
39
69
32
49
60
61
9
14
42
0
51
58
16
44
76
63
48
53
54
49
50
70
54
44
27
21
42
63
48
21
75
15
41
13
0
26
19
47
0
30
29
78
49
52
33
8
44
47
50
27
32
35
37
31
30
60
0
55
55
32
27
78
31
66
81
42
46
7
14
51
52
48
54
23
48
30
66
22
8
8
63
41
40
47
79
60
52
22
51
50
28
52
7
72
0
70
21
43
11
38
18
41
15
50
37
21
48
40
0
43
46
22
12
28
52
59
44
30
42
52
51
52
16
49
39
1
32
45
28
36
0
27
78
40
52
57
0
35
34
72
48
28
54
49
26
51
16
11
11
35
45
0
51
32
23
55
45
38
20
44
22
36
49
17
40
51
10
46
2
0
